
========== Nodes voltage to reference ========
e1 =  [ 2.29787234]
e2 =  [ 2.29787234]
e3 =  [ 4.17021277]
e4 =  [ 10.]

========== Branches voltage difference ========
v1 =  [-2.29787234]
v2 =  [ 2.29787234]
v3 =  [-1.87234043]
v4 =  [-0.]
v5 =  [ 2.29787234]
v6 =  [ 1.87234043]
v7 =  [ 4.17021277]
v8 =  [-5.82978723]
v9 =  [ 10.]

=============== Branches currents ==============
i1 =  [ 1.]
i2 =  [ 0.57446809]
i3 =  [-1.87234043]
i4 =  [-2.29787234]
i5 =  [ 2.29787234]
i6 =  [ 0.]
i7 =  [ 1.04255319]
i8 =  [-2.91489362]
i9 =  [-2.91489362]

================= End solution =================

