
========== Nodes voltage to reference ========
e1 =  [ 10.]
e2 =  [ 10.]
e3 =  [ 0.0025]
e4 =  [-0.005]
e5 =  [ -4.97431957e-16]

========== Branches voltage difference ========
v1 =  [ 0.]
v2 =  [ 0.0025]
v3 =  [ 10.]
v4 =  [ 10.]
v5 =  [ 0.0025]
v6 =  [ 0.005]
v7 =  [-10.005]
v8 =  [ 0.]
v9 =  [-0.005]

=============== Branches currents ==============
i1 =  [ 0.]
i2 =  [ -2.50000000e-06]
i3 =  [ 0.]
i4 =  [-0.003335]
i5 =  [  2.50000000e-06]
i6 =  [  2.50000000e-06]
i7 =  [-0.003335]
i8 =  [ 0.]
i9 =  [ 0.0033375]

================= End solution =================

