
========== Nodes voltage to reference ========
e1 =  [ 4.96969697]
e2 =  [ 4.84848485]
e3 =  [-0.12121212]
e4 =  [ 10.]

========== Branches voltage difference ========
v1 =  [-4.96969697]
v2 =  [ 4.96969697]
v3 =  [ 5.09090909]
v4 =  [-0.12121212]
v5 =  [ 4.84848485]
v6 =  [-4.96969697]
v7 =  [-0.12121212]
v8 =  [-10.12121212]
v9 =  [ 10.]

=============== Branches currents ==============
i1 =  [ 1.]
i2 =  [ 1.24242424]
i3 =  [ 5.09090909]
i4 =  [ 5.33333333]
i5 =  [ 4.84848485]
i6 =  [ 10.18181818]
i7 =  [-0.03030303]
i8 =  [-5.06060606]
i9 =  [-5.06060606]

================= End solution =================

